Player,PLAYER_ID,Team,GP,PTS,REB,AST,STL,BLK,FG3M,TOV,40-Point Games,50-Point Games,Double Doubles,Triple Doubles,Total Fantasy Points,Fantasy Points Per Game
James Harden,201935,HOU,78,2818,518,586,158,58,378,387,28,9,34,7,2832.0,36.31
Russell Westbrook,201566,OKC,73,1675,807,784,142,33,119,325,5,0,57,34,2643.0,36.21
Anthony Davis,203076,NOP,56,1452,672,218,88,135,48,112,7,0,37,0,2018.0,36.04
Giannis Antetokounmpo,203507,MIL,72,1994,898,424,92,110,52,268,6,1,54,5,2552.0,35.44
Joel Embiid,203954,PHI,64,1761,871,234,46,122,79,226,5,0,58,2,2202.0,34.41
LeBron James,2544,LAL,55,1505,465,454,72,33,111,197,3,1,32,8,1792.0,32.58
Karl-Anthony Towns,1626157,MIN,77,1880,954,259,67,125,142,240,3,0,54,0,2425.0,31.49
Andre Drummond,203083,DET,79,1370,1232,112,136,138,5,175,0,0,69,0,2473.5,31.31
Paul George,202331,OKC,77,2159,628,318,170,34,292,205,7,0,24,1,2407.5,31.27
Nikola Jokić,203999,DEN,80,1604,865,580,108,55,83,248,1,0,56,12,2447.5,30.59
Nikola Vučević,202696,ORL,80,1665,960,307,81,89,84,159,0,0,60,1,2384.5,29.81
Rudy Gobert,203497,UTA,81,1284,1041,161,66,187,0,130,0,0,66,0,2286.0,28.22
Stephen Curry,201939,GSW,69,1881,369,361,92,25,354,192,8,1,3,0,1901.5,27.56
Kawhi Leonard,202695,TOR,60,1596,439,199,106,24,112,121,2,0,14,0,1647.0,27.45
Kevin Durant,201142,GSW,78,2027,497,457,58,84,137,225,4,1,16,2,2120.0,27.18
Kyrie Irving,202681,BOS,67,1596,335,464,103,34,174,172,2,0,21,1,1811.0,27.03
Ben Simmons,1627732,PHI,79,1337,697,610,112,61,0,274,0,0,42,10,2109.5,26.7
Damian Lillard,203081,POR,80,2067,371,551,88,34,237,212,6,1,13,0,2126.0,26.57
Bradley Beal,203078,WAS,82,2099,411,448,121,58,209,224,5,0,11,2,2167.0,26.43
Jrue Holiday,201950,NOP,67,1420,334,518,109,54,118,210,0,0,18,0,1755.0,26.19
Clint Capela,203991,HOU,67,1114,848,96,44,102,0,94,0,0,45,0,1744.0,26.03
Kemba Walker,202689,CHA,82,2102,361,484,102,34,260,211,7,1,10,0,2105.0,25.67
Blake Griffin,201933,DET,75,1841,565,402,52,28,189,253,3,1,21,2,1918.0,25.57
Luka Dončić,1629029,DAL,72,1526,563,429,77,25,168,247,0,0,24,8,1836.0,25.5
John Wall,202322,WAS,32,663,116,279,49,29,51,121,1,0,10,0,798.0,24.94
LaMarcus Aldridge,200746,SAS,81,1727,744,194,43,107,10,144,2,1,32,0,1997.5,24.66
Jusuf Nurkić,203994,POR,72,1125,748,233,71,103,3,168,0,0,36,1,1763.0,24.49
Chris Paul,101108,HOU,58,906,265,473,114,18,127,152,0,0,18,1,1386.5,23.91
DeMarcus Cousins,202326,GSW,30,488,247,107,40,44,26,72,0,0,10,0,717.0,23.9
DeMar DeRozan,201942,SAS,77,1635,462,475,86,36,7,199,0,0,12,1,1817.0,23.6
Devin Booker,1626164,PHX,64,1700,265,433,56,13,135,264,5,2,12,0,1508.5,23.57
Julius Randle,203944,NOP,73,1565,634,229,52,45,67,208,1,0,31,1,1699.0,23.27
Kyle Lowry,200768,TOR,65,926,312,564,91,31,157,182,0,0,20,2,1503.5,23.13
Mike Conley,201144,MEM,70,1478,239,449,94,22,155,130,1,0,10,0,1617.5,23.11
Victor Oladipo,203506,IND,36,675,202,186,60,11,74,82,0,0,5,0,827.5,22.99
D'Angelo Russell,1626156,BKN,81,1712,315,563,100,20,234,253,3,0,14,0,1855.0,22.9
Jimmy Butler III,202710,PHI,65,1215,342,263,123,39,67,95,0,0,3,0,1478.0,22.74
Deandre Ayton,1629028,PHX,71,1159,729,125,61,67,0,126,0,0,39,0,1602.5,22.57
DeAndre Jordan,201599,NYK,69,758,902,156,42,73,0,153,0,0,42,0,1556.0,22.55
Hassan Whiteside,202355,MIA,72,887,817,56,46,136,2,97,0,0,36,0,1620.5,22.51
John Collins,1628381,ATL,61,1188,595,121,22,39,55,120,0,0,32,0,1371.5,22.48
Lauri Markkanen,1628374,CHI,52,974,470,75,37,33,120,85,0,0,20,0,1167.0,22.44
Kevin Love,201567,CLE,22,374,239,48,6,5,53,42,0,0,12,0,492.5,22.39
Marc Gasol,201188,TOR,79,1071,627,349,84,86,99,155,0,0,19,1,1767.0,22.37
Donovan Mitchell,1628378,UTA,77,1829,316,322,106,31,188,218,2,0,1,0,1705.5,22.15
Tobias Harris,202699,PHI,82,1644,645,229,51,37,156,151,0,0,15,0,1814.0,22.12
JaKarr Sampson,203960,CHI,4,80,32,4,4,3,5,4,0,0,0,0,88.5,22.12
De'Aaron Fox,1628368,SAC,81,1399,304,590,133,45,86,227,0,0,16,1,1783.5,22.02
Myles Turner,1626167,IND,74,984,531,115,60,199,76,100,0,0,17,0,1611.0,21.77
Steven Adams,203500,OKC,80,1108,760,124,117,76,0,135,0,0,29,0,1718.0,21.48
Zach LaVine,203897,CHI,63,1492,294,283,60,26,120,215,3,0,2,0,1345.0,21.35
Al Horford,201143,BOS,68,925,458,283,59,86,73,102,0,0,10,1,1440.0,21.18
Trae Young,1629027,ATL,81,1549,301,653,72,15,156,308,1,0,30,1,1705.5,21.06
Aaron Gordon,203932,ORL,78,1246,574,289,57,56,121,162,0,0,19,0,1629.5,20.89
Draymond Green,203110,GSW,66,486,481,454,95,70,47,169,0,0,8,0,1370.5,20.77
Khris Middleton,203114,MIL,77,1407,461,331,80,7,179,174,0,0,7,0,1592.0,20.68
Eric Bledsoe,202339,MIL,78,1241,362,430,116,29,124,165,0,0,8,1,1609.5,20.63
Danilo Gallinari,201568,LAC,68,1346,417,178,49,23,161,99,0,0,7,0,1400.5,20.6
Klay Thompson,202691,GSW,78,1680,299,186,84,47,241,115,3,1,0,0,1596.5,20.47
Pascal Siakam,1627783,TOR,80,1354,549,248,73,52,79,154,1,0,18,0,1628.5,20.36
Robert Covington,203496,MIN,35,465,193,46,74,47,85,47,0,0,2,0,711.0,20.31
Buddy Hield,1627741,SAC,82,1695,412,205,58,33,278,146,0,0,3,0,1642.5,20.03
Montrezl Harrell,1626149,LAC,82,1361,535,162,71,110,3,132,0,0,17,0,1626.0,19.83
Jamal Murray,1627750,DEN,75,1367,317,363,67,27,152,158,2,0,4,0,1475.5,19.67
Domantas Sabonis,1627734,IND,74,1043,690,212,48,30,9,160,0,0,30,0,1454.0,19.65
Serge Ibaka,201586,TOR,74,1112,601,99,29,103,49,114,0,0,22,0,1452.5,19.63
Willie Cauley-Stein,1626161,SAC,81,965,678,194,96,51,1,84,0,0,22,0,1587.0,19.59
CJ McCollum,203468,POR,70,1468,282,207,55,28,167,106,2,0,1,1,1371.5,19.59
Nikola Mirotic,202703,MIL,46,697,339,55,31,34,116,48,0,0,11,0,893.5,19.42
Larry Nance Jr.,1626204,CLE,67,627,552,214,100,40,33,97,0,0,18,0,1297.0,19.36
Jonas Valančiūnas,202685,MEM,49,763,419,70,19,53,14,90,0,0,16,0,947.5,19.34
Elfrid Payton,203901,NOP,42,446,220,320,44,17,33,112,0,0,10,6,811.5,19.32
Walt Lemon Jr.,1627215,CHI,6,86,27,30,11,1,2,10,0,0,0,0,115.0,19.17
Enes Freedom,202683,POR,67,915,659,116,32,26,10,118,0,0,32,0,1267.5,18.92
Jayson Tatum,1628369,BOS,79,1243,477,168,84,57,116,122,0,0,8,0,1492.5,18.89
Rajon Rondo,200765,LAL,46,424,243,367,57,7,51,127,0,0,14,1,864.5,18.79
Tristan Thompson,202684,CLE,43,470,438,86,28,16,0,59,0,0,19,0,807.0,18.77
Paul Millsap,200794,DEN,70,883,505,141,83,54,58,95,0,0,14,0,1309.5,18.71
Josh Richardson,1626196,MIA,73,1209,263,298,79,34,164,113,0,0,1,0,1361.5,18.65
Otto Porter Jr.,203490,CHI,56,780,314,120,82,31,104,65,0,0,6,0,1043.0,18.62
Andrew Wiggins,203952,MIN,73,1321,352,184,70,48,118,138,1,0,3,0,1357.5,18.6
Lou Williams,101150,LAC,75,1498,222,402,57,11,105,181,2,0,7,1,1391.5,18.55
RJ Hunter,1626154,BOS,1,17,3,3,1,0,4,0,0,0,0,0,18.5,18.5
Jarrett Allen,1628386,BKN,80,873,672,110,43,120,6,103,0,0,24,0,1468.5,18.36
Bobby Portis,1626171,WAS,50,710,403,72,35,20,75,74,0,0,14,0,917.5,18.35
Kyle Kuzma,1628398,LAL,70,1308,382,178,41,26,128,133,1,0,4,0,1284.0,18.34
Dewayne Dedmon,203473,ATL,64,693,480,90,69,71,83,84,0,0,11,0,1165.0,18.2
Lonzo Ball,1628366,LAL,47,465,251,255,69,19,75,103,0,0,4,1,855.0,18.19
Brook Lopez,201572,MIL,81,1009,396,98,51,179,187,82,0,0,2,0,1472.0,18.17
JaVale McGee,201580,LAL,75,897,566,52,47,148,1,108,0,0,14,0,1363.0,18.17
Jeremy Lamb,203087,CHA,79,1208,434,172,88,32,115,80,0,0,7,0,1434.5,18.16
Thaddeus Young,201152,IND,81,1024,523,204,123,36,51,123,0,0,10,0,1469.5,18.14
Trevor Ariza,2772,WAS,69,863,371,252,91,21,145,106,0,0,5,0,1250.0,18.12
Jeff Teague,201952,MIN,42,510,106,343,43,18,35,97,0,0,11,0,757.5,18.04
Marvin Bagley III,1628963,SAC,62,923,471,62,33,59,30,98,0,0,19,0,1114.5,17.98
T.J. Warren,203933,PHX,43,772,174,64,51,29,77,52,0,0,0,0,770.5,17.92
Derrick Favors,202324,UTA,76,897,560,89,56,106,17,84,0,0,15,0,1361.0,17.91
Rudy Gay,200752,SAS,69,946,470,182,54,34,74,114,0,0,9,0,1233.0,17.87
Kris Dunn,1627739,CHI,46,519,187,277,68,21,34,104,0,0,2,0,816.5,17.75
Joe Ingles,204060,UTA,82,994,330,469,98,20,189,193,0,0,7,0,1440.5,17.57
Brandon Ingram,1627742,LAL,52,950,267,154,28,31,31,129,0,0,2,0,902.5,17.36
Justise Winslow,1626159,MIA,66,830,355,282,72,19,96,142,0,0,6,0,1146.0,17.36
Dwight Howard,2730,WAS,9,115,83,4,7,4,0,16,0,0,3,0,153.5,17.06
Ricky Rubio,201937,UTA,68,864,243,416,91,10,79,180,0,0,7,0,1159.5,17.05
Kelly Oubre Jr.,1626162,PHX,69,1047,325,84,84,59,108,103,0,0,3,0,1172.5,16.99
Jerami Grant,203924,OKC,80,1090,417,79,61,100,115,67,0,0,4,0,1357.5,16.97
Jabari Parker,203953,WAS,64,930,421,152,46,30,61,151,0,0,8,0,1077.5,16.84
Darren Collison,201954,IND,76,853,232,459,110,9,79,125,0,0,6,0,1276.0,16.79
Malcolm Brogdon,1627763,MIL,64,1001,288,205,46,13,104,91,0,0,0,0,1072.5,16.76
Mitchell Robinson,1629011,NYK,66,485,423,37,52,161,0,35,0,0,11,0,1104.5,16.73
Dwyane Wade,2548,MIA,72,1083,285,301,59,38,86,166,0,0,4,1,1204.5,16.73
Derrick Rose,201565,MIN,51,917,140,220,31,12,54,82,1,1,1,0,852.5,16.72
Wendell Carter Jr.,1628976,CHI,44,455,307,78,26,58,6,65,0,0,7,0,725.5,16.49
Tim Hardaway Jr.,203501,DAL,65,1174,222,159,54,8,162,105,0,0,2,0,1070.0,16.46
Caris LeVert,1627747,BKN,40,547,151,156,42,14,48,69,0,0,0,0,647.5,16.19
Marcus Morris Sr.,202694,BOS,75,1046,458,109,43,25,146,92,0,0,5,0,1212.0,16.16
Bojan Bogdanovic,202711,IND,81,1454,333,161,69,1,164,134,0,0,0,0,1309.0,16.16
Bogdan Bogdanović,203992,SAC,70,990,243,267,72,15,134,117,0,0,1,0,1130.0,16.14
Jaren Jackson Jr.,1628991,MEM,58,798,272,64,52,82,51,98,0,0,2,0,932.5,16.08
Jemerrio Jones,1629203,LAL,6,27,49,13,7,5,2,5,0,0,1,0,96.5,16.08
Cody Zeller,203469,CHA,49,497,333,102,38,41,6,62,0,0,4,0,786.5,16.05
Dennis Schröder,203471,OKC,79,1224,284,323,65,12,124,172,0,0,3,0,1266.0,16.03
Noah Vonleh,203943,NYK,68,571,528,129,46,51,46,88,0,0,18,0,1089.5,16.02
Bam Adebayo,1628389,MIA,82,729,597,184,71,65,3,121,0,0,11,0,1309.0,15.96
Harrison Barnes,203084,SAC,77,1265,361,115,50,13,174,98,0,0,4,0,1227.5,15.94
Kyle Anderson,203937,MEM,43,346,251,128,54,37,9,58,0,0,2,1,684.5,15.92
Al-Farouq Aminu,202329,POR,81,760,610,104,68,33,96,72,0,0,12,0,1284.0,15.85
Spencer Dinwiddie,203915,BKN,68,1143,166,311,40,17,124,152,0,0,2,0,1074.5,15.8
JJ Redick,200755,PHI,76,1372,186,206,32,17,240,101,0,0,1,0,1196.0,15.74
Goran Dragic,201609,MIA,36,494,111,174,30,5,57,71,0,0,4,1,565.5,15.71
Marvin Williams,101107,CHA,75,756,407,92,71,61,140,47,0,0,5,0,1169.0,15.59
Dennis Smith Jr.,1628372,NYK,53,722,155,252,67,20,67,154,0,0,2,1,825.5,15.58
Evan Fournier,203095,ORL,81,1226,258,295,71,12,153,154,0,0,1,0,1255.5,15.5
Nicolas Batum,201587,CHA,75,699,390,247,71,43,116,117,0,0,0,0,1155.5,15.41
Terrence Ross,203082,ORL,81,1223,280,135,72,29,217,90,0,0,0,0,1247.0,15.4
Reggie Jackson,202704,DET,82,1260,216,344,55,9,174,148,0,0,0,0,1257.0,15.33
Mason Plumlee,203486,DEN,82,637,524,243,66,76,2,126,0,0,9,0,1253.5,15.29
Patrick Beverley,201976,LAC,78,596,388,300,67,43,112,85,0,0,6,0,1183.0,15.17
Jonathan Isaac,1628371,ORL,75,720,411,80,59,98,86,75,0,0,3,0,1136.0,15.15
Jordan Clarkson,203903,CLE,81,1364,270,196,57,13,144,135,1,0,1,0,1227.0,15.15
Gordon Hayward,202330,BOS,72,825,322,244,62,23,77,105,0,0,2,0,1084.0,15.06
Nemanja Bjelica,202357,SAC,77,741,444,147,54,56,103,82,0,0,9,0,1160.0,15.06
Carmelo Anthony,2546,HOU,10,134,54,5,4,7,21,8,0,0,0,0,150.5,15.05
Cedi Osman,1626224,CLE,76,991,357,195,60,11,130,114,0,0,3,0,1143.5,15.05
P.J. Tucker,200782,HOU,82,601,479,96,132,39,146,63,0,0,3,0,1230.5,15.01
Thomas Bryant,1628418,WAS,72,758,454,92,25,67,33,60,0,0,14,0,1079.5,14.99
Taj Gibson,201959,MIN,70,753,458,84,53,39,11,73,0,0,13,0,1048.0,14.97
Emmanuel Mudiay,1626144,NYK,59,873,196,228,43,19,69,140,0,0,1,0,880.0,14.92
Fred VanVleet,1627832,TOR,64,701,167,307,57,20,112,82,0,0,1,0,953.5,14.9
Marcus Smart,203935,BOS,80,708,234,321,143,28,126,123,0,0,1,0,1192.0,14.9
Derrick White,1628401,SAS,67,663,247,263,67,47,48,97,0,0,0,0,996.5,14.87
Jae Crowder,203109,UTA,80,951,384,133,64,31,173,85,0,0,3,0,1187.0,14.84
Kent Bazemore,203145,ATL,67,779,261,152,89,42,96,121,0,0,0,0,991.5,14.8
Justin Holiday,203200,MEM,82,857,323,146,121,36,162,104,0,0,3,0,1191.5,14.53
Eric Gordon,201569,HOU,68,1103,148,129,41,27,216,90,0,0,0,0,982.5,14.45
Taurean Prince,1627752,ATL,55,742,199,118,53,19,123,100,0,0,0,0,793.5,14.43
Will Barton,203115,DEN,43,494,199,124,18,22,67,65,0,0,1,0,619.5,14.41
Tomas Satoransky,203107,WAS,80,709,279,399,82,13,64,120,0,0,7,1,1143.5,14.29
D.J. Augustin,201571,ORL,81,948,203,426,52,4,131,128,0,0,4,0,1156.5,14.28
Kenneth Faried,202702,HOU,37,384,250,20,17,23,8,33,0,0,14,0,527.0,14.24
Jaylen Brown,1627759,BOS,74,964,313,100,69,32,95,99,0,0,2,0,1047.5,14.16
Danny Green,201980,TOR,80,821,317,126,73,53,198,75,0,0,1,0,1130.5,14.13
Joe Harris,203925,BKN,76,1041,291,181,38,17,183,121,0,0,0,0,1073.0,14.12
Josh Jackson,1628367,PHX,79,910,347,183,74,56,73,173,0,0,2,0,1110.5,14.06
Alex Len,203458,ATL,77,854,424,86,27,69,74,97,0,0,9,0,1078.0,14.0
Dwight Powell,203939,DAL,77,815,411,112,44,50,39,67,0,0,6,0,1077.0,13.99
Collin Sexton,1629012,CLE,82,1371,236,243,44,6,119,185,0,0,2,0,1141.0,13.91
Delon Wright,1626153,MEM,75,653,266,248,88,30,50,77,0,0,4,3,1034.5,13.79
Tyler Johnson,204020,PHX,57,619,173,166,54,27,90,77,0,0,0,0,778.5,13.66
Gary Harris,203914,DEN,57,737,160,127,55,19,82,68,0,0,0,0,776.5,13.62
Shai Gilgeous-Alexander,1628983,LAC,82,889,232,270,96,45,51,141,0,0,1,0,1114.0,13.59
Jeff Green,201145,WAS,77,946,309,137,43,39,111,101,0,0,2,0,1039.5,13.5
JaMychal Green,203210,LAC,65,611,409,50,45,34,71,87,0,0,6,0,877.0,13.49
Terry Rozier,1626179,BOS,79,708,307,231,68,21,119,68,0,0,1,0,1062.5,13.45
J.J. Barea,200826,DAL,38,415,95,211,22,1,38,72,0,0,3,0,509.5,13.41
Dario Saric,203967,MIN,81,858,457,127,45,9,118,97,0,0,3,0,1086.0,13.41
Mikal Bridges,1628969,PHX,82,684,264,173,129,38,105,70,0,0,0,0,1095.5,13.36
Ed Davis,202334,BKN,81,472,694,61,35,33,0,64,0,0,6,0,1069.0,13.2
DeAndre' Bembry,1627761,ATL,82,687,358,202,105,41,50,142,0,0,3,0,1081.5,13.19
Kevin Knox II,1628995,NYK,75,963,335,82,43,24,125,114,0,0,3,0,984.0,13.12
Maurice Harkless,203090,POR,60,460,269,74,67,53,33,45,0,0,2,0,786.5,13.11
Kelly Olynyk,203482,MIA,79,787,375,140,53,37,113,114,0,0,4,0,1035.0,13.1
Monte Morris,1628420,DEN,82,851,194,297,73,4,94,52,0,0,1,0,1066.5,13.01
DeMarre Carroll,201960,BKN,67,744,349,85,31,10,106,73,0,0,3,0,871.0,13.0
Dion Waiters,203079,MIA,44,527,116,121,29,9,109,64,0,0,0,0,567.0,12.89
Kadeem Allen,1628443,NYK,19,189,51,76,16,4,17,26,0,0,0,0,244.0,12.84
Kevin Huerter,1628989,ATL,75,727,245,214,65,25,136,109,0,0,1,0,962.5,12.83
Ivica Zubac,1627826,LAC,59,525,362,63,14,51,0,70,0,0,8,0,755.5,12.81
Cory Joseph,202709,IND,82,537,279,321,94,22,55,80,0,0,1,0,1049.0,12.79
Rondae Hollis-Jefferson,1626178,BKN,59,527,310,96,44,27,9,68,0,0,4,0,752.0,12.75
Bruno Caboclo,203998,MEM,34,282,158,50,14,33,48,38,0,0,3,0,432.0,12.71
Wesley Matthews,202083,IND,69,840,170,160,54,17,150,91,0,0,0,0,876.0,12.7
Joakim Noah,201149,MEM,42,298,238,89,20,31,0,50,0,0,4,0,532.0,12.67
Andre Iguodala,2738,GSW,68,389,252,216,61,51,48,52,0,0,0,0,858.5,12.62
Damyean Dotson,1628422,NYK,73,779,262,135,58,10,126,71,0,0,1,0,915.5,12.54
Richaun Holmes,1626158,PHX,70,572,331,60,42,79,0,52,0,0,5,0,872.0,12.46
Tyus Jones,1626145,MIN,68,468,134,327,81,5,40,47,0,0,5,0,845.0,12.43
Markieff Morris,202693,OKC,58,547,265,79,36,22,68,54,0,0,2,0,715.5,12.34
Bryn Forbes,1627854,SAS,82,967,239,175,45,4,176,80,0,0,1,0,1004.5,12.25
Reggie Bullock Jr.,203493,LAL,63,711,173,129,40,12,148,65,0,0,0,0,770.5,12.23
Kentavious Caldwell-Pope,203484,LAL,82,938,238,110,73,13,151,65,0,0,0,0,999.5,12.19
Kenrich Williams,1629026,NOP,46,279,219,83,45,19,52,36,0,0,1,0,560.5,12.18
Maxi Kleber,1628467,DAL,71,485,329,70,36,78,77,54,0,0,3,0,857.0,12.07
Josh Hart,1628404,LAL,67,525,248,93,64,40,92,58,0,0,4,0,803.5,11.99
Markelle Fultz,1628365,ORL,19,155,70,59,17,5,4,25,0,0,0,0,227.5,11.97
Dorian Finney-Smith,1627827,DAL,81,608,389,95,69,36,79,74,0,0,3,0,966.5,11.93
Alex Caruso,1627936,LAL,25,229,67,77,24,9,24,42,0,0,3,0,297.5,11.9
Evan Turner,202323,POR,73,494,328,283,33,18,11,114,0,0,3,2,858.5,11.76
Kevon Looney,1626172,GSW,80,500,417,123,46,53,1,51,0,0,1,0,938.5,11.73
E'Twaun Moore,202734,NOP,53,633,127,102,40,8,76,59,0,0,0,0,620.5,11.71
Pat Connaughton,1626192,MIL,61,421,258,122,33,25,66,33,0,0,1,0,707.5,11.6
Mo Bamba,1628964,ORL,47,292,233,39,13,64,21,43,0,0,1,0,540.5,11.5
Tyreke Evans,201936,IND,69,706,201,166,58,18,77,118,0,0,1,0,793.5,11.5
Patty Mills,201988,SAS,82,811,182,245,49,10,159,93,0,0,0,0,937.0,11.43
Alec Burks,202692,SAC,64,561,235,128,39,21,61,65,0,0,1,0,730.0,11.41
Ish Smith,202397,DET,56,501,145,203,28,11,44,61,0,0,0,0,637.5,11.38
Miles Bridges,1628970,CHA,80,597,323,95,55,49,65,50,0,0,1,0,908.0,11.35
Wayne Ellington,201961,DET,53,545,107,72,54,6,138,40,0,0,0,0,600.5,11.33
Rodney Hood,203918,POR,72,805,157,126,59,12,84,55,0,0,0,0,814.5,11.31
Malik Beasley,1627736,DEN,81,917,200,97,55,10,163,55,0,0,0,0,912.0,11.26
Avery Bradley,202340,MEM,63,625,175,152,41,16,86,89,0,0,0,0,707.5,11.23
Jakob Poeltl,1627751,SAS,77,423,410,93,29,68,0,48,0,0,1,0,861.5,11.19
Mario Hezonja,1626209,NYK,58,511,239,88,57,8,42,88,0,0,1,1,648.5,11.18
Iman Shumpert,202697,HOU,62,465,183,112,59,24,95,50,0,0,0,0,691.0,11.15
Allen Crabbe,203459,BKN,43,413,148,46,23,13,98,46,0,0,1,0,476.5,11.08
Robin Lopez,201577,CHI,74,704,286,89,11,78,7,96,0,0,2,0,814.5,11.01
John Henson,203089,CLE,14,79,71,14,7,11,11,12,0,0,0,0,154.0,11.0
Danuel House Jr.,1627863,HOU,39,366,140,40,21,11,74,35,0,0,0,0,429.0,11.0
Davis Bertans,202722,SAS,76,606,264,100,35,33,145,43,0,0,0,0,832.5,10.95
Trey Burke,203504,DAL,58,631,99,159,33,7,56,49,0,0,1,0,633.5,10.92
James Johnson,201949,MIA,55,428,176,135,35,27,50,74,0,0,0,0,600.0,10.91
Nerlens Noel,203457,OKC,77,378,325,45,66,96,0,48,0,0,2,0,837.0,10.87
Josh Okogie,1629006,MIN,74,570,218,91,88,33,60,63,0,0,1,0,804.0,10.86
Luke Kornet,1628436,NYK,46,322,135,54,27,42,70,25,0,0,1,0,499.0,10.85
Ryan Arcidiacono,1627853,CHI,81,544,219,269,65,4,81,63,0,0,0,0,875.5,10.81
Shaquille Harrison,1627885,CHI,73,474,222,139,89,30,24,60,0,0,1,0,789.0,10.81
De'Anthony Melton,1629001,PHX,50,250,134,159,68,23,29,75,0,0,0,0,539.5,10.79
Garrett Temple,202066,LAC,75,586,216,106,76,30,90,70,0,0,0,0,802.0,10.69
Luke Kennard,1628379,DET,63,613,183,114,26,10,106,57,0,0,0,0,671.5,10.66
Jeremy Lin,202391,TOR,74,707,179,231,47,13,55,124,0,0,1,0,788.0,10.65
Shabazz Napier,203894,BKN,56,529,100,143,41,16,76,66,0,0,1,0,594.5,10.62
Derrick Jones Jr.,1627884,MIA,60,422,240,37,46,42,28,43,0,0,0,0,635.0,10.58
Jahlil Okafor,1626143,NOP,59,484,278,40,15,40,1,52,0,0,6,0,624.5,10.58
Marco Belinelli,201158,SAS,79,829,198,132,35,8,147,72,0,0,1,0,833.0,10.54
Jalen Brunson,1628973,DAL,73,678,169,230,37,4,63,88,0,0,3,0,766.5,10.5
Willy Hernangomez,1626195,CHA,58,421,311,60,16,20,15,58,0,0,4,0,607.0,10.47
Trey Lyles,1626168,DEN,64,546,246,87,30,23,51,68,0,0,0,0,669.5,10.46
Ante Zizic,1627790,CLE,59,459,320,53,13,22,0,61,0,0,4,0,615.5,10.43
Mike Muscala,203488,LAL,64,449,244,76,22,38,89,48,0,0,1,0,662.0,10.34
Rodions Kurucs,1629066,BKN,63,534,246,52,41,25,58,77,0,0,2,0,651.0,10.33
Omari Spellman,1629016,ATL,46,272,194,47,26,25,44,31,0,0,4,0,474.0,10.3
Allonzo Trier,1629019,NYK,64,695,197,119,28,14,52,116,0,0,2,0,659.5,10.3
Wilson Chandler,201163,LAC,51,305,215,82,25,21,59,46,0,0,0,0,525.0,10.29
T.J. McConnell,204456,PHI,76,483,174,258,79,17,14,91,0,0,0,0,781.5,10.28
Rodney McGruder,203585,LAC,66,503,238,112,36,12,79,64,0,0,2,0,675.0,10.23
Tony Bradley,1628396,UTA,3,17,15,1,2,2,0,3,0,0,1,0,30.5,10.17
George Hill,201588,MIL,60,458,148,135,52,8,48,51,0,0,0,0,605.0,10.08
Zach Collins,1628380,POR,77,512,324,71,25,66,40,77,0,0,0,0,776.0,10.08
Cheick Diallo,1627767,NOP,64,387,332,33,29,33,1,49,0,0,10,0,644.0,10.06
D.J. Wilson,1628391,MIL,48,280,222,52,18,20,46,32,0,0,2,0,483.0,10.06
Austin Rivers,203085,HOU,76,618,162,167,47,23,104,68,0,0,0,0,762.0,10.03
Darius Miller,203121,NOP,69,567,128,146,40,23,133,59,0,0,0,0,691.0,10.01
Ersan Ilyasova,101141,MIL,67,453,302,52,32,20,58,48,0,0,3,0,668.5,9.98
Gorgui Dieng,203476,MIN,76,485,311,72,48,41,19,57,0,0,2,0,758.0,9.97
Tim Frazier,204025,MIL,59,310,168,248,30,5,37,76,0,0,4,0,587.5,9.96
Aron Baynes,203382,BOS,51,284,240,57,12,34,21,40,0,0,3,0,504.5,9.89
Frank Kaminsky,1626163,CHA,47,405,163,63,12,12,50,41,0,0,2,0,462.5,9.84
Shelvin Mack,202714,CHA,57,430,104,183,47,4,46,66,0,0,0,0,561.0,9.84
Michael Kidd-Gilchrist,203077,CHA,64,427,246,61,32,39,16,43,0,0,1,0,628.5,9.82
Boban Marjanovic,1626246,PHI,58,422,265,54,16,27,4,59,0,0,6,0,565.0,9.74
Tony Parker,2225,CHA,56,530,83,207,21,7,13,75,0,0,1,0,543.5,9.71
Marcin Gortat,101162,LAC,47,233,261,65,6,24,0,50,0,0,1,0,453.5,9.65
Devin Robinson,1628421,WAS,7,47,20,6,4,6,0,2,0,0,0,0,67.5,9.64
Gerald Green,101123,HOU,73,675,182,40,33,27,156,55,0,0,0,0,702.5,9.62
Stanley Johnson,1626169,NOP,66,454,217,88,60,14,62,81,0,0,0,0,630.0,9.55
Christian Wood,1626174,NOP,21,172,83,8,7,10,9,17,0,0,2,0,200.5,9.55
Lance Stephenson,202362,LAL,68,491,215,140,41,7,73,86,0,0,1,0,648.0,9.53
Jonas Jerebko,201973,GSW,73,459,288,96,27,18,69,43,0,0,1,0,696.0,9.53
Luol Deng,2736,MIN,22,157,73,18,15,8,14,14,0,0,0,0,208.5,9.48
Chandler Parsons,202718,MEM,25,187,70,43,19,5,29,32,0,0,0,0,237.0,9.48
Vince Carter,1713,ATL,76,562,194,87,44,27,123,48,0,0,0,0,717.5,9.44
Damian Jones,1627745,GSW,24,130,75,28,12,25,0,16,0,0,0,0,226.0,9.42
Landry Shamet,1629013,LAC,79,722,134,117,37,10,167,45,0,0,0,0,744.5,9.42
Torrey Craig,1628470,DEN,75,430,263,72,37,46,61,44,0,0,2,0,704.5,9.39
Harry Giles III,1628385,SAC,58,408,222,85,31,22,0,73,0,0,0,0,544.0,9.38
Michael Carter-Williams,203487,ORL,28,134,70,70,20,15,10,20,0,0,0,0,262.0,9.36
Norman Powell,1626181,TOR,60,516,139,91,39,13,68,65,0,0,0,0,561.0,9.35
Jamal Crawford,2037,PHX,64,508,85,229,33,12,67,99,1,1,0,0,594.5,9.29
James Ennis III,203516,PHI,58,389,182,41,41,23,55,34,0,0,0,0,539.0,9.29
David Nwaba,1628021,CLE,51,334,163,54,36,17,24,29,0,0,0,0,473.0,9.27
Pau Gasol,2200,MIL,30,118,137,52,5,15,6,16,0,0,1,0,276.0,9.2
Tyler Zeller,203092,MEM,6,46,24,4,1,3,0,4,0,0,0,0,55.0,9.17
Jonah Bolden,1628413,PHI,44,207,165,40,17,39,34,36,0,0,1,0,402.5,9.15
Jerryd Bayless,201573,MIN,34,209,62,119,18,2,29,32,0,0,2,0,310.0,9.12
Jake Layman,1627774,POR,71,541,217,53,31,30,59,46,0,0,1,0,647.0,9.11
Langston Galloway,204038,DET,80,672,171,85,37,8,135,24,0,0,0,0,725.5,9.07
Royce O'Neale,1626220,UTA,82,426,285,124,54,24,68,70,0,0,1,0,743.0,9.06
Malik Monk,1628370,CHA,73,653,137,117,37,19,109,86,0,0,0,0,661.0,9.05
Andrew Bogut,101106,GSW,11,39,55,11,3,8,0,8,0,0,0,0,99.5,9.05
JR Smith,2747,CLE,11,74,18,21,11,3,12,11,0,0,0,0,99.0,9.0
Dragan Bender,1627733,PHX,46,230,183,56,18,22,22,37,0,0,5,0,413.0,8.98
Kyle Korver,2594,UTA,70,600,162,81,25,12,138,59,0,0,0,0,627.0,8.96
Juancho Hernangomez,1627823,DEN,70,408,265,55,27,24,66,37,0,0,4,0,626.0,8.94
Daniel Theis,1628464,BOS,66,374,225,68,21,42,26,33,0,0,1,0,587.0,8.89
Ivan Rabb,1628397,MEM,49,284,206,54,17,14,3,35,0,0,4,0,434.5,8.87
OG Anunoby,1628384,TOR,67,469,197,47,46,22,67,55,0,0,0,0,593.0,8.85
Frank Ntilikina,1628373,NYK,43,246,87,121,30,14,33,56,0,0,0,0,379.5,8.83
Sam Dekker,1626155,WAS,47,287,148,46,38,7,19,24,0,0,0,0,413.0,8.79
Dirk Nowitzki,1717,DAL,51,373,158,35,9,18,64,18,0,0,1,0,448.5,8.79
Justin Jackson,1628382,DAL,81,583,212,96,32,14,87,29,0,0,0,0,706.0,8.72
Tyson Chandler,2199,LAL,55,173,307,37,21,23,0,42,0,0,3,0,479.5,8.72
Bismack Biyombo,202687,CHA,54,236,247,33,11,41,0,34,0,0,3,0,471.0,8.72
Johnathan Williams,1629140,LAL,24,157,99,13,8,7,0,16,0,0,3,0,207.5,8.65
Sterling Brown,1628425,MIL,58,372,184,84,25,8,53,46,0,0,0,0,500.5,8.63
Cameron Payne,1626166,CLE,40,250,72,106,28,9,25,45,0,0,0,0,344.5,8.61
Chandler Hutchison,1628990,CHI,44,229,185,34,23,6,14,25,0,0,1,0,374.5,8.51
Thon Maker,1627748,DET,64,323,202,45,21,51,49,33,0,0,0,0,544.0,8.5
Khem Birch,203920,ORL,50,240,190,38,18,29,0,20,0,0,1,0,423.0,8.46
Meyers Leonard,203086,POR,61,357,233,75,13,9,50,43,0,0,2,0,514.5,8.43
Ian Mahinmi,101133,WAS,34,139,128,25,25,16,3,21,0,0,1,0,286.0,8.41
Jonathon Simmons,203613,PHI,56,366,126,128,29,15,28,68,0,0,0,0,471.0,8.41
Mike Scott,203118,PHI,79,459,276,66,26,13,101,44,0,0,0,0,656.0,8.3
Corey Brewer,201147,SAC,31,151,76,39,32,7,14,19,0,0,0,0,256.5,8.27
Bonzie Colson,1629045,MIL,8,39,30,3,5,1,5,3,0,0,2,0,66.0,8.25
Omri Casspi,201956,MEM,36,226,115,26,20,9,15,23,0,0,0,0,296.5,8.24
Henry Ellenson,1627740,NYK,19,114,66,16,7,2,17,9,0,0,0,0,156.5,8.24
Isaiah Canaan,203477,MIL,30,181,58,84,14,2,34,35,0,0,0,0,246.5,8.22
Salah Mejri,1626257,DAL,36,141,131,35,10,26,11,21,0,0,1,0,294.0,8.17
Matthew Dellavedova,203521,CLE,48,282,77,181,14,2,44,68,0,0,0,0,385.0,8.02
Deyonta Davis,1627738,ATL,9,36,36,5,3,5,0,3,0,0,0,0,72.0,8.0
Zhaire Smith,1629015,PHI,6,40,13,10,2,2,6,6,0,0,0,0,48.0,8.0
Jared Dudley,201162,BKN,59,287,155,83,36,16,53,43,0,0,0,0,469.0,7.95
Terrance Ferguson,1628390,OKC,74,513,141,72,40,16,106,47,0,0,0,0,587.5,7.94
Frank Jackson,1628402,NOP,61,495,134,69,25,2,53,48,0,0,0,0,483.0,7.92
Alex Poythress,1627816,ATL,21,107,76,17,4,10,9,13,0,0,0,0,166.0,7.9
Kosta Koufos,201585,SAC,42,156,177,36,15,18,0,27,0,0,0,0,330.0,7.86
Treveon Graham,1626203,BKN,35,184,107,34,13,7,38,17,0,0,0,0,275.0,7.86
Wayne Selden,1627782,CHI,75,514,180,109,33,13,55,79,0,0,1,0,587.5,7.83
Zaza Pachulia,2585,DET,68,267,265,91,31,17,0,57,0,0,0,0,528.5,7.77
Keita Bates-Diop,1628966,MIN,30,151,83,17,18,14,13,14,0,0,0,0,232.0,7.73
Devin Harris,2734,DAL,68,428,112,122,35,16,62,56,0,0,0,0,525.0,7.72
Brandon Knight,202688,CLE,39,266,59,71,21,2,41,30,0,0,0,0,299.5,7.68
Seth Curry,203552,POR,74,581,120,66,36,12,113,61,0,0,0,0,568.0,7.68
Elie Okobo,1629059,PHX,53,304,98,127,32,7,39,69,0,0,0,0,405.5,7.65
Dwayne Bacon,1628407,CHA,43,316,89,47,12,5,38,18,0,0,0,0,329.0,7.65
Quinn Cook,1626188,GSW,74,509,157,116,20,3,81,50,0,0,0,0,564.0,7.62
Troy Williams,1627786,SAC,21,111,59,11,10,8,14,9,0,0,0,0,159.5,7.6
Solomon Hill,203524,NOP,44,191,133,55,23,10,32,31,0,0,0,0,334.5,7.6
Dante Exum,203957,UTA,42,288,68,110,14,5,18,52,0,0,1,0,318.0,7.57
Ray Spalding,1629034,PHX,14,54,48,5,9,8,0,9,0,0,1,0,106.0,7.57
Greg Monroe,202328,PHI,43,230,172,24,14,8,1,32,0,0,0,0,323.5,7.52
Bruce Brown,1628971,DET,74,319,185,91,40,36,24,46,0,0,0,0,553.5,7.48
Furkan Korkmaz,1627788,PHI,48,279,107,52,29,2,47,25,0,0,0,0,359.0,7.48
Tony Snell,203503,MIL,74,444,157,68,26,18,81,23,0,0,0,0,552.5,7.47
Jerian Grant,1626170,ORL,60,250,98,156,44,6,40,51,0,0,0,0,448.0,7.47
Yogi Ferrell,1627812,SAC,71,420,109,137,36,4,54,40,0,0,0,0,523.0,7.37
Troy Brown Jr.,1628972,WAS,52,248,145,80,21,5,22,30,0,0,0,0,382.0,7.35
Isaiah Hicks,1628439,NYK,3,12,7,2,1,3,0,1,0,0,0,0,22.0,7.33
Wes Iwundu,1628411,ORL,68,339,184,73,28,22,29,44,0,0,0,0,497.0,7.31
CJ Miles,101139,MEM,53,339,95,36,26,15,67,30,0,0,0,0,386.0,7.28
Dillon Brooks,1628415,MEM,18,135,31,16,10,4,15,19,0,0,0,0,131.0,7.28
Michael Beasley,201563,LAL,26,181,60,25,9,10,3,27,0,0,0,0,188.0,7.23
Anthony Tolliver,201229,MIN,65,326,177,46,17,21,81,36,0,0,0,0,466.5,7.18
Tyler Dorsey,1628416,MEM,48,296,113,56,14,2,44,27,0,0,0,0,344.0,7.17
Devonte' Graham,1628984,CHA,46,217,63,121,23,2,34,30,0,0,0,0,329.5,7.16
Jevon Carter,1628975,MEM,39,172,66,69,26,11,34,33,0,0,0,0,279.0,7.15
Jaron Blossomgame,1628417,CLE,27,114,98,13,7,8,10,11,0,0,1,0,193.0,7.15
Raul Neto,203526,UTA,37,196,62,93,14,4,20,35,0,0,0,0,264.0,7.14
Donte DiVincenzo,1628978,MIL,27,131,65,31,13,6,22,19,0,0,0,0,191.5,7.09
Isaiah Thomas,202738,DEN,12,97,13,23,5,1,12,18,0,0,0,0,84.5,7.04
Aaron Holiday,1628988,IND,50,294,67,87,21,13,43,40,0,0,0,0,350.5,7.01
Alfonzo McKinnie,1628035,GSW,72,337,247,31,18,15,42,30,0,0,1,0,504.5,7.01
Ian Clark,203546,NOP,60,401,89,94,22,8,66,58,0,0,0,0,418.5,6.97
Jordan Bell,1628395,GSW,68,223,184,76,20,51,0,42,0,0,0,0,471.5,6.93
Shaun Livingston,2733,GSW,64,258,117,114,31,27,0,38,0,0,0,0,438.0,6.84
Robert Williams III,1629057,BOS,32,81,81,7,9,40,0,10,0,0,0,0,216.5,6.77
Antonio Blakeney,1628469,CHI,57,418,106,42,12,9,36,35,0,0,0,0,382.0,6.7
Thabo Sefolosha,200757,UTA,50,190,123,27,43,5,34,25,0,0,1,0,334.0,6.68
Jordan McRae,203895,WAS,27,160,40,30,13,7,10,15,0,0,0,0,180.0,6.67
Nene,2403,HOU,42,151,123,26,18,15,0,11,0,0,0,0,279.5,6.65
Chasson Randle,1626184,WAS,49,271,56,97,25,3,46,43,0,0,0,0,324.5,6.62
Doug McDermott,203926,IND,77,564,109,67,18,8,84,42,0,0,0,0,510.0,6.62
Marquese Chriss,1627737,CLE,43,182,142,22,17,11,16,36,0,0,1,0,284.0,6.6
Nik Stauskas,203917,CLE,68,399,127,81,21,7,70,51,0,0,0,0,447.5,6.58
Alex Abrines,203518,OKC,31,165,48,20,17,6,41,14,0,0,0,0,203.0,6.55
Kyle O'Quinn,203124,IND,45,156,119,56,9,25,1,31,0,0,1,0,291.5,6.48
Troy Daniels,203584,PHX,51,318,73,26,26,5,74,27,0,0,0,0,330.0,6.47
Shake Milton,1629003,PHI,20,87,35,18,8,8,14,6,0,0,0,0,129.5,6.47
Jodie Meeks,201975,TOR,8,51,12,8,1,1,8,2,0,0,0,0,51.5,6.44
Amir Johnson,101161,PHI,51,201,147,60,16,13,12,45,0,0,0,0,326.5,6.4
Alan Williams,1626210,BKN,5,18,19,3,1,0,0,1,0,0,0,0,32.0,6.4
Dante Cunningham,201967,SAS,64,194,188,50,27,13,30,22,0,0,0,0,408.0,6.38
Gary Payton II,1627780,WAS,3,11,2,4,3,1,1,1,0,0,0,0,19.0,6.33
Cristiano Felicio,1626245,CHI,60,240,218,37,11,7,0,33,0,0,0,0,378.0,6.3
Mitchell Creek,1628249,MIN,5,21,12,6,2,0,0,1,0,0,0,0,31.5,6.3
Jalen Jones,1627883,CLE,16,81,34,7,9,2,10,8,0,0,0,0,100.5,6.28
PJ Dozier,1628408,BOS,6,19,17,5,2,0,2,0,0,0,1,0,37.5,6.25
Billy Garrett,1628656,NYK,4,26,3,7,1,1,0,2,0,0,0,0,25.0,6.25
Frank Mason III,1628412,SAC,38,195,43,84,16,4,14,36,0,0,0,0,235.5,6.2
Gary Clark,1629109,HOU,51,148,116,18,20,26,41,7,0,0,0,0,313.5,6.15
MarShon Brooks,202705,MEM,29,190,45,25,9,4,15,21,0,0,0,0,177.5,6.12
Lance Thomas,202498,NYK,46,205,117,27,17,7,22,24,0,0,0,0,281.5,6.12
Emanuel Terry,1629150,MIA,3,10,7,2,3,0,0,2,0,0,0,0,18.0,6.0
Cam Reynolds,1629244,MIN,19,95,31,13,6,2,21,5,0,0,0,0,113.0,5.95
Jaylen Adams,1629121,ATL,34,108,60,65,14,5,25,28,0,0,0,0,201.5,5.93
Courtney Lee,201584,DAL,34,136,54,37,21,3,16,14,0,0,0,0,201.0,5.91
Miles Plumlee,203101,ATL,18,80,39,17,6,4,0,10,0,0,0,0,106.0,5.89
Isaiah Briscoe,1628515,ORL,39,136,74,87,11,2,11,31,0,0,0,0,229.5,5.88
Chris Boucher,1628449,TOR,28,93,56,2,6,24,12,7,0,0,1,0,164.5,5.88
Timothe Luwawu-Cabarrot,1627789,CHI,50,231,97,26,19,8,36,21,0,0,1,0,290.5,5.81
Damion Lee,1627814,GSW,32,158,64,13,13,0,27,11,0,0,0,0,184.5,5.77
Raymond Felton,101109,OKC,33,142,34,52,10,6,20,14,0,0,0,0,185.0,5.61
Julian Washburn,1627395,MEM,18,40,41,14,13,2,5,7,0,0,0,0,100.5,5.58
Patrick Patterson,202335,OKC,63,229,147,31,16,13,46,22,0,0,0,0,351.5,5.58
Dusty Hannahs,1628605,MEM,2,8,1,5,1,0,0,1,0,0,0,0,11.0,5.5
Brandon Sampson,1629102,CHI,14,71,16,10,8,3,11,12,0,0,0,0,77.0,5.5
Luc Mbah a Moute,201601,LAC,4,20,7,2,1,1,2,2,0,0,0,0,22.0,5.5
Jason Smith,201160,NOP,20,65,52,14,3,7,9,13,0,0,0,0,110.0,5.5
Theo Pinson,1629033,BKN,18,81,36,21,6,0,12,18,0,0,0,0,97.5,5.42
Moritz Wagner,1629021,LAL,43,207,85,24,11,13,22,39,0,0,0,0,232.5,5.41
Wesley Johnson,202325,WAS,38,128,72,23,14,12,25,18,0,0,0,0,205.5,5.41
Eric Moreland,203961,TOR,5,7,20,4,1,1,1,5,0,0,0,0,27.0,5.4
T.J. Leaf,1628388,IND,58,225,125,24,9,19,8,12,0,0,1,0,310.5,5.35
Justin Anderson,1626147,ATL,48,178,84,23,22,13,24,23,0,0,1,0,256.0,5.33
Rawle Alkins,1628959,CHI,10,37,26,13,1,0,3,8,0,0,0,0,53.0,5.3
Daniel Hamilton,1627772,ATL,19,57,47,22,6,1,8,16,0,0,0,0,99.5,5.24
Patrick McCaw,1627775,TOR,29,74,48,29,23,2,9,17,0,0,0,0,151.5,5.22
Justin Patton,1628383,PHI,3,5,6,3,2,0,0,0,0,0,0,0,15.5,5.17
Johnathan Motley,1628405,LAC,22,102,51,11,5,3,0,16,0,0,0,0,113.0,5.14
Brad Wanamaker,202954,BOS,36,140,41,56,12,2,16,19,0,0,0,0,184.0,5.11
Abdel Nader,1627846,OKC,61,241,116,20,20,12,32,26,0,0,0,0,310.5,5.09
Kalin Lucas,203564,DET,1,2,3,1,0,0,0,0,0,0,0,0,5.0,5.0
Jose Calderon,101181,DET,49,113,60,115,16,3,14,35,0,0,0,0,241.5,4.93
Hamidou Diallo,1628977,OKC,51,190,97,17,21,10,4,23,0,0,0,0,250.0,4.9
Ekpe Udoh,202327,UTA,51,119,90,28,10,31,0,13,0,0,1,0,247.5,4.85
Quincy Acy,203112,PHX,10,17,25,8,1,4,2,4,0,0,0,0,48.5,4.85
Jon Leuer,202720,DET,41,156,97,14,12,4,1,23,0,0,0,0,198.5,4.84
John Jenkins,203098,NYK,26,121,37,22,0,2,22,9,0,0,0,0,125.5,4.83
Glenn Robinson III,203922,DET,47,198,71,21,14,8,18,18,0,0,0,0,226.0,4.81
Skal Labissiere,1627746,POR,22,67,43,11,5,6,6,11,0,0,1,0,102.5,4.66
Georges Niang,1627777,UTA,59,235,87,35,10,6,43,23,0,0,0,0,270.0,4.58
Ryan Broekhoff,1629151,DAL,42,167,63,22,6,4,38,16,0,0,0,0,191.5,4.56
Jimmer Fredette,202690,PHX,6,22,7,8,3,0,0,5,0,0,0,0,27.0,4.5
Channing Frye,101112,CLE,36,129,52,20,6,5,32,13,0,0,0,0,161.5,4.49
Caleb Swanigan,1628403,SAC,21,43,64,11,6,1,1,18,0,0,1,0,94.0,4.48
Tyrone Wallace,1627820,LAC,62,218,101,42,21,7,4,36,0,0,0,0,274.0,4.42
Isaac Humphries,1629353,ATL,5,15,11,0,1,0,3,0,0,0,0,0,22.0,4.4
Jaylen Morris,1628537,MIL,4,10,5,4,2,0,1,1,0,0,0,0,17.5,4.38
Andrew Harrison,1626150,NOP,17,54,20,24,4,2,5,12,0,0,0,0,73.5,4.32
Milos Teodosic,1628462,LAC,15,48,16,32,3,1,10,21,0,0,0,0,64.0,4.27
Grayson Allen,1628960,UTA,38,211,23,25,6,6,32,33,1,0,0,0,161.5,4.25
Jerome Robinson,1629010,LAC,33,112,41,19,11,3,18,13,0,0,0,0,140.0,4.24
Yuta Watanabe,1629139,MEM,15,39,31,8,4,1,2,6,0,0,0,0,63.5,4.23
Ben McLemore,203463,SAC,19,75,17,4,6,3,17,5,0,0,0,0,80.0,4.21
Ryan Anderson,201583,MIA,25,63,54,19,4,1,9,14,0,0,0,0,105.0,4.2
Lorenzo Brown,203485,TOR,26,55,31,28,12,5,6,16,0,0,0,0,107.5,4.13
Edmond Sumner,1628410,IND,23,66,24,10,12,5,7,10,0,0,0,0,94.5,4.11
Isaiah Hartenstein,1628392,HOU,28,53,47,15,7,12,2,13,0,0,0,0,114.5,4.09
Jarell Martin,1626185,ORL,42,115,73,18,3,8,20,11,0,0,0,0,169.5,4.04
Amile Jefferson,1628518,ORL,12,27,21,3,3,3,0,1,0,0,0,0,48.5,4.04
Semi Ojeleye,1628400,BOS,56,186,86,23,10,4,28,19,0,0,0,0,225.0,4.02
J.P. Macura,1629122,CHA,2,6,3,2,0,0,0,0,0,0,0,0,8.0,4.0
Duncan Robinson,1629130,MIA,15,50,19,5,5,0,10,4,0,0,0,0,60.0,4.0
Daryl Macon,1629133,DAL,8,29,12,7,1,0,5,6,0,0,0,0,32.0,4.0
Udonis Haslem,2617,MIA,10,25,27,2,0,0,0,3,0,0,1,0,39.5,3.95
Lonnie Walker IV,1629022,SAS,17,45,17,9,7,3,5,4,0,0,0,0,67.0,3.94
Svi Mykhailiuk,1629004,DET,42,133,36,37,14,1,29,21,0,0,0,0,163.0,3.88
Demetrius Jackson,1627743,PHI,6,22,3,5,2,0,2,1,0,0,0,0,23.0,3.83
Troy Caupain,1628505,ORL,4,10,3,4,1,0,2,0,0,0,0,0,15.0,3.75
Angel Delgado,1629116,LAC,2,3,4,0,1,0,0,0,0,0,0,0,7.5,3.75
Marcus Derrickson,1629094,GSW,11,46,13,1,0,1,10,3,0,0,0,0,41.0,3.73
Dairis Bertans,1629541,NOP,12,34,9,10,1,0,10,2,0,0,0,0,41.0,3.42
BJ Johnson,1629168,SAC,7,23,8,0,2,0,3,2,0,0,0,0,23.0,3.29
Guerschon Yabusele,1627824,BOS,41,94,53,15,8,7,9,15,0,0,0,0,134.5,3.28
C.J. Williams,203710,MIN,15,39,8,12,6,0,5,5,0,0,0,0,49.0,3.27
Khyri Thomas,1629017,DET,26,61,20,8,7,5,10,4,0,0,0,0,83.5,3.21
Isaac Bonga,1629067,LAL,22,19,25,15,9,4,0,6,0,0,0,0,69.5,3.16
Deonte Burton,1629126,OKC,32,82,28,9,6,8,8,9,0,0,0,0,101.0,3.16
Malcolm Miller,1626259,TOR,10,35,5,1,1,1,10,1,0,0,0,0,31.5,3.15
Jawun Evans,1628393,OKC,8,6,12,10,3,0,0,6,0,0,0,0,25.0,3.12
Yante Maten,1628999,MIA,2,2,3,0,1,0,0,0,0,0,0,0,6.0,3.0
Tahjere McCall,1628769,BKN,1,4,1,0,0,0,0,0,0,0,0,0,3.0,3.0
Anfernee Simons,1629014,POR,20,75,13,13,1,0,10,11,0,0,0,0,59.5,2.98
Drew Eubanks,1629234,SAS,23,41,34,7,2,5,0,8,0,0,0,0,67.5,2.93
Ron Baker,1627758,WAS,15,14,11,15,6,1,1,5,0,0,0,0,42.5,2.83
Gary Trent Jr.,1629018,POR,15,40,11,5,1,2,5,4,0,0,0,0,40.5,2.7
Scott Machado,203159,LAL,4,10,0,3,1,0,1,0,0,0,0,0,10.5,2.62
Haywood Highsmith,1629312,PHI,5,9,5,2,1,0,1,1,0,0,0,0,13.0,2.6
Chimezie Metu,1629002,SAS,29,51,36,13,6,2,0,15,0,0,0,0,75.5,2.6
Jarred Vanderbilt,1629020,DEN,17,24,23,3,6,1,0,8,0,0,0,0,44.0,2.59
Jared Terrell,1629123,MIN,14,31,6,12,3,2,4,10,0,0,0,0,35.5,2.54
Quincy Pondexter,202347,SAS,53,98,46,24,11,1,6,13,0,0,0,0,133.0,2.51
Kostas Antetokounmpo,1628961,DAL,2,2,1,0,2,0,0,1,0,0,0,0,5.0,2.5
Alize Johnson,1628993,IND,14,13,19,1,1,3,1,0,0,0,0,0,35.0,2.5
Jacob Evans,1628980,GSW,30,40,25,23,5,3,4,11,0,0,0,0,75.0,2.5
Deng Adel,1629061,CLE,19,32,19,5,1,4,6,6,0,0,0,0,47.0,2.47
Jordan Loyd,1628070,TOR,12,29,9,6,0,0,4,2,0,0,0,0,29.5,2.46
James Nunnally,203263,HOU,15,36,5,7,1,0,8,1,0,0,0,0,35.0,2.33
Nick Young,201156,DEN,4,9,1,2,0,1,3,2,0,0,0,0,9.0,2.25
DeVaughn Akoon-Purcell,1629152,DEN,7,7,4,6,2,0,0,2,0,0,0,0,15.5,2.21
Wade Baldwin IV,1627735,POR,16,30,15,12,1,2,2,14,0,0,0,0,35.0,2.19
Chris Chiozza,1629185,HOU,7,6,4,4,1,1,2,1,0,0,0,0,15.0,2.14
Trevon Duval,1628979,HOU,3,5,1,2,0,0,1,0,0,0,0,0,6.0,2.0
Terrence Jones,203093,HOU,2,2,4,0,0,0,0,1,0,0,0,0,4.0,2.0
Jordan Sibert,1626296,ATL,1,3,0,0,0,0,1,0,0,0,0,0,2.0,2.0
Joe Chealey,1629147,CHA,1,2,0,1,0,0,0,0,0,0,0,0,2.0,2.0
Donatas Motiejunas,202700,SAS,3,6,3,1,0,1,0,3,0,0,0,0,6.0,2.0
Vincent Edwards,1629053,HOU,2,3,2,0,0,0,1,0,0,0,0,0,4.0,2.0
DJ Stephens,203474,MEM,1,2,0,0,1,0,0,1,0,0,0,0,2.0,2.0
Dzanan Musa,1629058,BKN,9,19,5,2,2,0,1,4,0,0,0,0,17.0,1.89
Naz Mitrou-Long,1628513,UTA,14,16,6,15,1,1,2,8,0,0,0,0,26.0,1.86
Sindarius Thornwell,1628414,LAC,64,62,44,18,14,7,3,20,0,0,0,0,116.5,1.82
Davon Reed,1628432,IND,10,12,6,3,1,0,2,1,0,0,0,0,17.0,1.7
Thomas Welsh,1629118,DEN,11,18,4,5,0,0,3,1,0,0,0,0,18.5,1.68
Ike Anigbogu,1628387,IND,3,0,3,1,0,1,0,1,0,0,0,0,5.0,1.67
Brandon Goodwin,1629164,DEN,16,23,3,14,0,0,2,3,0,0,0,0,26.5,1.66
Tyler Lydon,1628399,DEN,25,23,18,6,2,0,4,4,0,0,0,0,37.5,1.5
Melvin Frazier Jr.,1628982,ORL,10,15,5,1,1,0,0,1,0,0,0,0,14.5,1.45
Tyler Cavanaugh,1628463,UTA,11,9,8,1,0,0,1,1,0,0,0,0,13.0,1.18
Malachi Richardson,1627781,TOR,22,30,13,0,1,0,8,8,0,0,0,0,26.0,1.18
Tyler Davis,1629093,OKC,1,0,1,0,0,0,0,0,0,0,0,0,1.0,1.0
George King,1628994,PHX,1,0,1,0,0,0,0,0,0,0,0,0,1.0,1.0
Zach Lofton,1629155,DET,1,0,0,0,1,0,0,1,0,0,0,0,1.0,1.0
Zhou Qi,1627753,HOU,1,2,0,0,0,0,0,0,0,0,0,0,1.0,1.0
Andre Ingram,201281,LAL,4,0,2,0,1,0,0,1,0,0,0,0,3.0,0.75
Okaro White,1627855,WAS,3,0,2,0,0,0,0,0,0,0,0,0,2.0,0.67
Kobi Simmons,1628424,CLE,1,0,0,0,0,0,0,0,0,0,0,0,0.0,0.0
Tyler Ulis,1627755,CHI,1,0,0,0,0,0,0,0,0,0,0,0,0.0,0.0
John Holland,204066,CLE,1,0,0,0,0,0,0,0,0,0,0,0,0.0,0.0
Donte Grantham,1629055,OKC,3,0,0,0,0,0,0,0,0,0,0,0,0.0,0.0
